0.822944
0.950116
0.965424
0.972324
0.980412
0.978164
0.986384
0.98434
0.980904
0.98576
0.932072
0.967496
0.981264
0.984736
0.987492
0.991684
0.990744
0.993592
0.994232
0.993304
0.971216
0.979944
0.989968
0.989064
0.992696
0.992876
0.99396
0.9941
0.99662
0.996768
0.976996
0.98854
0.9931
0.993772
0.994276
0.995032
0.99688
0.996376
0.997616
0.99684
0.77258
0.927052
0.943736
0.954168
0.971528
0.971824
0.9789
0.984188
0.98126
0.982172
0.924728
0.969728
0.976292
0.98702
0.982576
0.988456
0.991128
0.98824
0.990928
0.991208
0.954696
0.975948
0.985208
0.98552
0.989236
0.99212
0.99428
0.993032
0.993568
0.993104
0.962184
0.985124
0.990028
0.98988
0.992144
0.992544
0.993796
0.996828
0.995204
0.995144
0.704364
0.872656
0.84236
0.919248
0.922768
0.925612
0.928184
0.925032
0.942412
0.9498
0.851672
0.895752
0.932928
0.946504
0.954552
0.961676
0.970428
0.973548
0.972816
0.9752
0.901736
0.942192
0.958116
0.974768
0.972908
0.98074
0.979796
0.981024
0.977608
0.982768
0.933468
0.959968
0.976068
0.979808
0.978876
0.9878
0.98342
0.986104
0.986084
0.988152
0.0
0.254468
0.28472
0.279532
0.35606
0.524708
0.54556
0.56862
0.438484
0.504992
0.175824
0.317436
0.55994
0.657644
0.588432
0.744424
0.707644
0.770356
0.778288
0.812476
0.476064
0.619844
0.68266
0.804968
0.783248
0.828012
0.79774
0.836832
0.84008
0.83794
0.588168
0.769608
0.796404
0.854512
0.858188
0.862396
0.868464
0.851608
0.885148
0.875996
