0.824000367719
0.956487946748
0.972191230731
0.975429667423
0.983486062186
0.978881214142
0.985571197553
0.986900001254
0.988500415773
0.987167433445
0.899641891581
0.968689540476
0.98291776878
0.985458374597
0.990823732936
0.991233238478
0.994421531634
0.993147050098
0.993172121866
0.994509282822
0.954160450958
0.981129316
0.987777513131
0.991049378847
0.990472728184
0.992662329251
0.995073397601
0.996138947738
0.996790813704
0.996581882305
0.96406797792
0.985090655334
0.990514514464
0.993222265401
0.994789250897
0.996661276237
0.995854801035
0.99698720922
0.998077831125
0.997885614237
0.828492392808
0.933421920247
0.943730595496
0.967644883479
0.97186111912
0.98291776878
0.977778056353
0.980519236314
0.983669921818
0.983114164295
0.94536443904
0.972057514636
0.974522905149
0.984142106781
0.984213143456
0.987067146373
0.990807018424
0.991897640329
0.989465678839
0.992712472787
0.955146607163
0.97657879012
0.987898693343
0.985809379348
0.986431994919
0.993284944821
0.993995311579
0.993071834794
0.992282074104
0.993560734269
0.969253655255
0.984054355593
0.989695503378
0.993293302077
0.992896332418
0.992783509463
0.995608261983
0.994931324249
0.995867336919
0.996786635076
0.64498376603
0.834559760648
0.856819311947
0.894940935093
0.900410759131
0.938198092038
0.931328427624
0.946780993928
0.950520865979
0.949664247241
0.846911784985
0.908889195322
0.928106705444
0.953295474964
0.964874453122
0.961602587406
0.962755888731
0.974318152378
0.973432283244
0.978367242899
0.882246263262
0.947988617417
0.95955923832
0.974050720187
0.972638343926
0.97907343103
0.983080735271
0.980957992253
0.984814865887
0.981622394103
0.932673945837
0.95550596917
0.969165904067
0.969851199057
0.975993782202
0.981822968247
0.986402744523
0.983126700179
0.986519746107
0.989260926068
0.0
0.0588141889492
0.242080455303
0.165030733809
0.34693058881
0.444221584285
0.474069524012
0.482807035138
0.5727060377
0.539139119062
0.15224831079
0.447698202772
0.631520226649
0.631490976253
0.692854128276
0.734030328482
0.715251574298
0.711290234964
0.698491097433
0.792652300544
0.344774416768
0.612599399113
0.761099480597
0.757639576621
0.79157839315
0.828784896767
0.841968468073
0.838165916603
0.810946333881
0.845511944608
0.426061267044
0.786359286792
0.819420591443
0.85864119375
0.821284259526
0.866221224923
0.872673026538
0.895931269927
0.880424381459
0.88470329652
