0.961810680932
0.981117055037
0.981897724182
0.978674403844
0.982083597788
0.972505213528
0.978084141808
0.977259951038
0.977542841599
0.972155227128
0.978223773688
0.986412186055
0.988880224862
0.987378728806
0.990044428325
0.988586453894
0.99152688367
0.988104089219
0.9866660622
0.988085955209
0.99005349533
0.991810680932
0.992043702965
0.992231389972
0.989663614108
0.990447003355
0.992517000635
0.99329766978
0.993732886028
0.992583189772
0.992203282256
0.993529785112
0.99382536948
0.994117327047
0.994346722278
0.995653277722
0.993703871611
0.994770151419
0.99624625986
0.995412095385
0.962785383988
0.971107081331
0.963371112522
0.971917671593
0.969471393599
0.977760449723
0.966247166561
0.966183697525
0.968109529422
0.963360232115
0.988144890743
0.987873787288
0.983415540847
0.986236286155
0.982872427237
0.983162571403
0.986036812041
0.985935261583
0.979427871974
0.984187142987
0.990267476652
0.989835887206
0.99212258591
0.98768338018
0.985279717109
0.991257593617
0.990879499501
0.987973524345
0.984927917309
0.986027745036
0.993328497597
0.993080061656
0.993292229577
0.994178982682
0.992293045607
0.990604769245
0.993329404298
0.991201378185
0.9919294587
0.993027473026
0.922966724091
0.928203826276
0.906795720374
0.908814942425
0.891953032913
0.919539396137
0.895694985946
0.907618097742
0.903373832623
0.890778855744
0.966782119866
0.960460603863
0.953200652824
0.959463233294
0.961891377278
0.950009973706
0.943430048055
0.955419348989
0.948116783027
0.953060114244
0.974449179436
0.977428597334
0.973674857195
0.977477559162
0.970314625079
0.972755462871
0.974301387252
0.966945325959
0.970345452897
0.96012331127
0.985391241273
0.980690905794
0.979928370659
0.973832623085
0.973955027654
0.976335116511
0.979347175628
0.970709946505
0.973674857195
0.976697796718
0.783014779218
0.591553177985
0.506627980778
0.275296037719
0.291467948137
0.276425786563
0.201166016865
0.102214162662
0.165551727264
0.0
0.816050412549
0.760317345181
0.760136005078
0.680155952489
0.666769426059
0.653731072627
0.567496599873
0.498833983135
0.41119321788
0.550086136549
0.857825732161
0.831879590171
0.844486354157
0.789645480098
0.77387795811
0.777093118143
0.759966452081
0.719075165473
0.630803336658
0.664783751927
0.875463777314
0.907286245353
0.882450811497
0.877308912866
0.806106627981
0.825831897724
0.806603499864
0.819348989029
0.766484722096
0.749823193399
