0.964964686868
0.980258205762
0.979474612774
0.978094222703
0.980619924949
0.974074944733
0.98113994575
0.975209967303
0.96599206434
0.971822312771
0.986558609985
0.987136410875
0.988877728625
0.987918420846
0.987624771353
0.990126728357
0.987179152311
0.989856032597
0.98972780829
0.986750154938
0.994304307941
0.992062757092
0.994044693295
0.991344067766
0.992773531337
0.991541944783
0.991633759719
0.990660204795
0.993980581141
0.993604614809
0.9954480371
0.995464658769
0.995903945747
0.995070487751
0.994336759772
0.994101681875
0.995678365947
0.994263149521
0.995754350722
0.993747086261
0.95499880878
0.971130534719
0.966599942537
0.963723602217
0.971830227851
0.966547703004
0.97077356458
0.97496934885
0.966626062303
0.964722485399
0.985105401172
0.988019733879
0.985926195039
0.989726225274
0.982760954274
0.98629424629
0.987711045733
0.981383730235
0.983843737311
0.98260265266
0.991035379619
0.990481323971
0.991219009491
0.988538963172
0.989350258942
0.990644374633
0.992077004237
0.988969543561
0.988545295236
0.986354400904
0.992517082723
0.994112762988
0.994080311158
0.991989938349
0.99222739077
0.991147773765
0.991406596903
0.994978672815
0.991458836436
0.990391092052
0.941500430185
0.949603098279
0.906420001092
0.936084140474
0.923587811092
0.91168194673
0.900524849
0.881324446281
0.897441925074
0.900665737436
0.970649297814
0.958743433451
0.960183978135
0.957657484382
0.955034426643
0.954499367189
0.959038665961
0.958126057158
0.951588200514
0.950926499769
0.980555812796
0.977122250796
0.975136357052
0.980028668422
0.973195579269
0.977133331909
0.972014649231
0.969960685794
0.960122240506
0.96590183242
0.986834846301
0.984157174506
0.985793221683
0.984017869086
0.979100229458
0.985515402351
0.9770343934
0.978002407768
0.975217090875
0.976555531019
0.802122982941
0.704952703435
0.575387581713
0.429743765093
0.362895368174
0.435703820847
0.370537378573
0.317118499047
0.0
0.0204929353947
0.836914511588
0.729872543456
0.738766719619
0.72902246379
0.592800759215
0.696564300928
0.595046267604
0.636469842355
0.605154617144
0.62893310253
0.89632510719
0.849551729406
0.811617122219
0.845630598436
0.785548803992
0.79580516554
0.719841761707
0.741702423044
0.715199566887
0.679320506154
0.91850791231
0.908821436571
0.879139092504
0.884845074168
0.859693322284
0.836627985667
0.817804340789
0.765093069476
0.79546085953
0.754624583766
